date,read_bytes,write_bytes,read_ops,write_ops,read_time_ms,write_time_ms,busy_time_ms
2025-11-25 17:05:10,1375232,0,62,0,8,0,7
2025-11-25 17:05:42,1375232,0,62,0,8,0,7
2025-11-25 17:06:09,1375232,0,62,0,8,0,7
